$ 1 0.000005 10.20027730826997 50 5 50 5e-11
a 400 208 576 208 8 6 -6 1000000 0 0.500004166201385 100000
r 368 176 288 176 0 7000
r 368 208 288 208 0 7000
w 368 192 368 176 0
w 368 192 368 208 0
w 400 224 400 272 0
w 400 192 368 192 0
r 400 272 400 336 0 1000
r 400 272 576 272 0 11000
w 576 272 576 208 0
w 576 208 624 208 0
g 400 336 400 368 0 0
p 624 208 688 208 3 0 0
g 688 208 736 208 0 0
R 288 208 256 208 0 0 40 -1 0 0 0.5
172 288 176 256 176 0 7 1 2.5 -0.5 0 0.5 Voltage
x 132 73 795 76 4 24 Adjust\sthis\svoltage\susing\sthe\sslider\son\sthe\sright\sof\sthe\sscreen\s->
423 224 80 262 165 0
x 493 152 742 155 4 12 Ideal\sop-amp\swith\s-6V\sand\s6V\s"power"\ssupplies
423 496 160 488 182 0
x 631 234 681 237 4 12 Voltmeter
x 100 226 252 259 4 12 The\svoltage\sin\sthe\\nmiddle\sof\sthe\shysteresis\sloop\\n(horizontally)
423 208 224 245 208 0
